3412112
36914562
3544000
3568881
3628664
3724103
3769717
3815023
3819257
3832324
3852147
3927563
4158416
4242964
4245601
4279734
4332564
4360052
4508583
4565538
4565635
4597695
4600570
4616111
4683470
4709216
4784577
4817956
4901525
4923631
4924821
5045857
5171316
5185649
5186220
5207559
5382794
5485382
5538944
5570607
5632151
5679784
5684909
5736985
5781135
5809101
5949043
6217167
6249902
6272798
6457592
6574334
6585326
6585487
6587684
6805976
6811487
6842678
6904497
7163847
7316606
7460123
7491084
7544737
7584975
7714943
7929800
7977492
8166534
8212363
8291738
8293500
8330534
8399444
8546416
8671826
8753073
8804461
9184302
9208690
9276493
9334290
9737940
9784167
9813333
10132183
10153516
10514387
10673479
10865819
10897759
11141381
11267059
11884013
12122349
12280588
12562152
12686992
12852219
13048962
13073019
13089002
13151624
13230765
13581934
13646320
13646752
14327181
14338752
14438724
14457568
14676937
14791518
15021660
15068088
15073252
15163762
15562222
15564651
15800223
16276570
16469293
16469406
16758023
16939835
17332691
18004809
18142624
18167000
18218659
18310164
18441515
18496702
18562883
18563990
18668715
18786155
19125639
19131788
19242231
19508281
20325659
20741692
20742988
21458470
21647719
21811523
21883623
22693359
22886206
23848095
23941885
24118480
24467031
24865051
25074082
25425180
25450946
25542264
26322571
26409610
26477071
27126990
27535789
27756012
28521366
28601277
28832952
29147445
29207976
30097600
30413660
30855969
31222704
31908542
32658779
33159508
33681244
33691595
33758545
33993723
33994309
34245218
35089983
35600759
37765776
39781719
40858292
45415883
47121125
49456519
50854915
51721661
53083322
53236454
53253444
53866908
53906155
54717947
55002331
55820932
56412053
57137544
58058096
58084659
61021465
62386916
63481181
65965548
66557931
67686050
67846025
67919431
67937009
69166264
72919225
72955637
73870322
76008022
77334485
78032087
78588737
78688473
79681976
80291673
81717603
82001642
82038505
84640097
89218884
89300763
91550609
94222210
98275389
98401501
102133215
107711464
110306968
112635391
112785289
113466130
114917185
120695691
125748162
132407574
132610413
136280674
136474874
139803683
140458129
143291897
144295854
144683909
146452678
147410233
148347953
149224126
154849268
156210469
159496275
169691390
172452156
177632054
185358337
190584118
197125959
207757928
338221328
371605040
575706
1350007
1960699
2409311
2446075
2763779
2897027
3574689
3914657
3944451
3987896
4098288
4193780
4453427
4493772
4558802
4845341
4885188
5266117
5459585
5466900
5552390
5704435
5856542
6427400
6838607
6959089
7096240
7116369
7221606
7398286
7550342
8124534
8334856
8362984
8442189
8781832
8841619
8918876
9081760
9125527
9575066
9742547
9790872
10139898
10173665
10292265
10963392
11447674
11452851
11706581
11954798
12084385
12240262
12704717
12784784
13059914
13131400
13180458
13273141
13864411
13945868
13955833
14573662
14676083
14809808
14921531
15424442
15773412
16016494
16042139
16161708
16261407
16526063
16715990
17268576
17534067
17603685
17696868
17916530
18111141
18162352
18892642
19074080
19157104
19224735
19515365
19660545
19701441
20219048
20673003
20815173
20907415
21072175
21431930
21443632
21700844
21874810
22075449
22146618
22215039
22683616
22716100
22890059
23089045
23965694
24007495
24678636
24871112
25465240
25469359
25605307
25717280
25776704
26128315
26130584
26277562
26490270
26985967
27182715
27196489
27404901
27785168
28073373
28302020
28471261
29043724
29049169
29442011
29614421
30091438
30097592
30174657
30516526
31306877
31490775
31514002
31663580
31807347
32280655
32650625
33406506
33567468
33823412
34062620
34082601
34393856
34445370
34610352
36073161
36154930
36462816
36472441
36844923
37767838
38121833
38522306
38871774
38975718
39050572
39624033
40294396
41096283
41178307
41819468
42243080
42349387
43745436
44270911
44590942
45304779
45477692
45595742
45683367
45689564
45749720
45937260
46076387
47066086
47376514
48534056
49522619
49523947
50675588
50937883
51077647
52342295
52807222
52930439
53279549
53367416
53408149
53635690
54827254
55042503
56644771
57161598
58305879
59763923
60385176
62776957
63210256
63284307
63551065
63669609
64244210
64694883
64883001
64948989
65502717
66433811
67745645
68762756
68803512
69321568
69340974
69643964
70034317
78225993
78255075
78334702
79092684
80770245
81285394
81401249
82485920
82831066
83420254
84463874
85622455
86404979
88858081
90005983
90186215
90847148
94268635
95631132
95853533
96726543
96946249
97331982
98191382
98437616
99153869
99271904
100294458
102238746
102441152
103047981
103676170
103753904
106414767
106912733
107283314
108877362
109475069
109880202
110087122
111212543
112581405
112824861
114310933
114487288
115118327
116086563
117157450
117224367
121322806
121659719
123295400
123491798
123979400
126856411
127693675
127966407
128221217
131251813
133061023
133402752
134098998
134393794
134534987
136735826
136818065
136943056
137231428
138091203
138268007
138478175
139079463
139421870
140069319
140539144
141650720
142475006
142866750
143172096
143627186
144993289
145703294
145934850
145938468
147457746
147521635
147583886
148864393
148875441
149224904
150841215
150983182
151124729
151181688
151484009
151745830
151917047
152154977
152383430
153434124
153531807
153563307
154695313
155750879
155767409
156035315
158493349
159152739
159174250
159220819
159266328
159537213
159632655
160593296
161126498
161130093
161234860
162540697
167297392
167373921
169458751
169833994
170350943
170893487
174795241
175720753
175792544
176143809
176769782
178466742
183818509
185593943
187238870
188094205
191037082
192203921
192403281
192706499
194329736
199947976
204044160
207606226
207946242
209749228
209960690
211226418
211483074
211627437
211985928
215545786
216004019
216293380
217709787
217915966
222035027
222937052
223330826
224182741
224286855
226226063
226435527
226992829
228571995
229340780
229798364
230113857
231928963
232440964
232579296
234680548
236309972
236396443
236524153
237793564
239254611
241828487
244249708
245846862
250183999
253907533
255538213
256430359
256841714
257185367
257248875
258458198
258932216
260314604
264319047
269697963
270507721
273638505
276254511
276397896
281083878
281205306
285149002
288119234
288262928
288336487
288571585
289858680
291775344
291950114
292619778
292708577
293188829
293962343
295751159
296161063
296210754
297159271
297516412
300221192
300639665
302062641
302164309
302419056
304500164
307628677
309853666
310393124
312892034
313465637
313508221
314248370
317137039
317452242
318445747
318627763
319763931
321175176
321862621
324661910
324713127
325123375
325680439
326637728
326987628
327292999
327466501
327745528
328367689
329074547
329442706
329448934
329940319
332715234
333008799
333948216
335091615
336040157
336396940
338566809
339713898
339961114
342440999
346993368
347901080
348831704
351012790
352977261
355442802
359910461
361151131
368250128
368265242
369257450
373544697
374049944
379676089
380786219
383821756
383837485
384175024
384175614
384462932
384659211
385929891
400095120
411335839
412556952
422290904
427279489
427565223
772156
1358781
2094467
2673855
2863662
3112026
3295285
3387272
3814461
4379048
4565925
4683874
4812142
5046214
5251337
5608756
6044638
6077467
7028877
7116369
7354589
7553453
7594753
7649047
7712481
7728664
7778406
7796162
7987941
8237698
8480204
8725946
9057111
9342971
9497144
9742547
9794009
10075099
10337297
10409998
10450439
10472215
10564460
10941502
11370125
14582699
15230231
15708639
15773412
15990989
16109096
16276858
16367291
16488613
16799392
17268576
17522038
18261083
18838695
19721270
19857832
21476297
21586496
22230349
23456356
23532908
24010294
24625079
26290735
26325088
26439544
28146746
28662299
29090582
29513146
29660589
31427987
31575752
31608714
32773876
33066436
33759726
34196721
34719632
35511253
36027414
37391297
37597661
40029624
40032961
41855482
43044489
43373491
43522976
44106596
45370504
47111117
49205630
49660973
50063499
50214063
51357240
51892276
53275289
53463906
53743459
53924574
54058624
54820418
57010492
57144924
57606803
58010831
59300305
60783087
63427712
66191006
67233577
69125389
69125923
71090339
72251474
72758186
74458167
76738822
78380363
79571117
81813681
81917042
82650054
88050930
90088042
93355383
94242685
99000670
100430216
102470602
103366225
103753904
113402855
115263458
116946120
120879801
121793095
123795450
127491990
130567602
131085750
132115216
133114658
134520804
134528297
134585444
137615840
138716092
139028671
139140210
139142354
140539144
141457168
142433318
142541498
145249663
146813839
147723622
150875436
151890694
152696417
153571008
153604398
154149322
157960789
159340995
161159734
161395551
163361516
164766611
166975555
167006268
167814434
170350943
171103041
175767359
175860912
175926461
181629374
181749859
181790086
183803600
185354071
188813054
192022359
196104891
197396431
197674403
203219252
211014632
212168603
216814742
219296213
226026782
226036149
228500373
228670313
233092035
234262277
234376214
242894202
244655148
246413449
247887797
248619756
251141309
251143823
270455517
271989070
273588767
276925094
277014853
286069977
292430662
293835176
298051464
305498986
312780384
327983758
339692267
341352101
346170343
346846215
348718390
350696394
356540611
356890549
360217954
361618043
365834030
375272714
409836986
411335839
411866832
419319158
718826
902059
972685
1035814
2001529
2110454
2178371
2260703
2382159
2457745
2557767
3281754
3326239
3575653
3853999
4106399
4175238
4251463
4309096
4325119
4354479
4845282
4847529
4860367
4884961
4943241
5099197
5344815
6248846
6397450
6433217
6490276
6499055
6754192
7201292
7290211
7459378
7477696
7645251
7764496
8013241
8461235
8511905
8577089
8643074
9339045
9652357
9772589
9911804
10233641
10565285
10579540
10743083
10820431
11023507
11083440
11137854
11253906
11369559
11386941
11614827
11622080
11790183
11794943
11795579
11979500
12128266
12530906
12672221
13083167
13221457
13504345
13649994
13732149
13845370
13864411
14055694
14136013
14517341
14572919
14711806
14927407
14931004
15013059
15023410
15214235
15222946
15744822
15972395
16009414
16063759
16312559
16438590
16751235
16814948
16933919
16934270
17158166
17180719
17202870
17454056
17555888
17611544
17695798
17726225
17754898
17891433
17967686
18148184
18314441
18439413
18463267
18672751
18687108
18720780
18800118
19602930
19854066
19877654
20071790
20257150
20366094
20394807
20551023
20615810
20633944
21011991
21050077
21579006
21844207
22239488
22575050
22576102
22640768
23425523
23578863
23601272
23829141
24101527
24522651
24524482
24529673
24628536
24696145
24962295
24984332
25185945
25259032
25269878
25359770
25435504
25540670
25601482
25763050
25855659
25944775
25972992
26148543
26256141
26264241
26268519
26297106
26412114
26481666
26524095
26611028
26673179
26729849
26761718
26856257
26888556
26975704
27090794
27157954
27182911
27236165
27362886
27363310
27392306
27528497
27540476
27587616
27796317
27830616
27837797
28184697
28276884
28290695
28334326
28427334
28581495
28616013
28771676
28933633
29131397
29442011
29445629
29452992
29482976
29740644
30024605
30360212
30457582
30596216
30651322
30651802
30705227
30726116
30864084
30875036
30917531
31147368
31427987
31528872
31706216
32176769
32412298
32749386
33242106
33538609
33763767
34067365
34169965
34231277
34445370
34658707
34711002
34971318
35772364
35855036
35866325
36384763
37681138
38211851
38801288
38862855
38954353
39188974
39193317
39425106
39429495
39695616
40958144
41178307
41347619
41539318
41561859
41804189
41948434
42015406
42029651
42271246
42605345
42695189
43055179
43070277
43307434
43347236
43448469
43514446
43640012
43817126
44359859
44917496
45445457
45642380
45666728
45685595
45844476
45924938
46040860
46174650
46428202
46448876
47241546
47482391
47855645
48004034
48029246
48406582
49363199
49519351
49579061
49673934
49785361
49790447
50017505
50386061
50566348
50675588
50708243
50859065
50931802
50981497
51085439
51131209
51509204
51613614
51613794
52036644
52085627
52264798
53179427
53476494
54107709
54141827
54353934
54589831
54608409
54655881
54690521
54775609
54787307
54913596
55318889
55641885
55690330
56126458
56242466
56603123
56741477
56831058
56878883
57068935
57276498
57366271
57822780
57842742
58339457
58761369
58877797
59132376
59538016
60081367
60096113
60117607
60440051
61688938
63106271
63731335
63921716
64310336
64797791
64854645
65003223
65391884
65393268
65540496
65674460
65716333
65905914
66008066
66294162
66795915
67383732
67745645
67819894
68356744
68386654
68454465
68531125
68709060
68796537
69446280
69586318
69928915
69939870
70673095
70685898
70947099
70966562
71162297
71218760
71258363
71675233
71698720
71816988
71829447
71858818
72423117
72753027
72768305
73415853
73506647
73895107
74754968
74966826
75514906
75613470
75821025
75845433
76051223
76457088
76523617
77219162
78828815
79360688
79469069
80241111
80364902
80699400
81084844
81246986
81618882
81952972
82946309
83061631
83819354
84459330
85569714
85784585
86296046
86749639
86964295
87477463
87686124
87750413
89255049
89928029
90013077
90106904
90121562
90462335
90614932
91029812
91238564
91374160
92269778
92382712
93122459
93182845
95052384
95856194
95884571
96150066
96173462
96630807
96688415
96983688
97367943
97807496
97820076
97850453
97929836
98073937
98249754
98362783
98730955
99843375
100299054
100448766
100644395
101070297
101268046
101646641
102448749
102616530
102921016
103113102
103325495
103830921
104099304
104114916
104160656
104581485
104954757
105788906
106127146
106479045
106772426
107661641
108097872
108117826
109805509
110660949
110818370
111153661
111207058
111394247
111556834
112585971
113522722
113670371
113950783
114049343
114425854
115500824
116132737
117774780
118143545
118473181
119695290
120365626
120370840
120475655
120791355
120894790
122403741
122420762
122824635
123816740
124305321
125143276
125383075
127336890
127905977
128059565
128291856
128302601
131643497
131764200
131912768
132017186
132154339
132457468
132734482
132797660
132800327
132923902
133582542
133727334
133806523
133872170
133947382
133950123
133993669
134003220
134218639
134380878
134754992
134873507
135233366
135368208
135461483
135847638
136157862
136208119
136315543
136318901
136392183
136523869
136621153
136700409
136884997
136945889
137061704
137168946
137231906
137285617
137414011
137502319
137772285
137874538
137913419
137928438
138135729
138285952
138503565
138692046
138697426
138901211
139023483
139274160
139426788
139485062
139542643
139763007
140910850
141310363
141496198
142159362
142175955
142241023
142359562
142902824
142914539
142978228
143151133
143179715
143552086
143702258
143781209
144098601
144164587
144293427
144748877
144757122
145238304
145564145
145794231
146565698
146568545
146662221
146728596
146904865
147318235
147532077
147671982
148122533
148587651
149093964
149424320
150710978
150731839
150837839
150985331
151055956
151235428
151293926
151478875
151572795
151820730
152168169
152852221
153807696
154058526
154133065
154365641
154695313
154900809
155100052
155891998
155991108
156139526
156220507
156239882
156360118
157205286
157333384
157675205
158109933
158693194
158840247
159240261
159612074
161234860
162845622
164053971
164248258
164485124
167113903
167683276
168793725
170857673
171170757
172197855
172830076
173502798
174824871
178425054
178809060
179666715
180080050
180200975
180759172
181015164
181282354
181335855
181366826
181488383
182244276
182959521
183679144
184164172
185862117
186312407
186735004
188087511
188532856
189584459
190796126
191406669
191930977
192953914
194491814
195388200
195993421
196030455
196677562
197667674
198036118
198137407
201230798
202035619
202497174
203607444
205154851
206165428
206684380
206961509
208897774
209167117
209456347
211094479
211226418
211706064
211985928
217929388
218926000
219734181
220452024
220944480
221007887
223583668
223858465
224027225
224382474
225726652
225773045
226244332
226816260
226908916
227730683
228029694
228465201
229752175
230024629
230461980
230662349
231102340
231928963
233238861
233382926
233427943
235335875
235963755
237350077
238859947
240256591
240598876
242297395
243224965
243979105
244524960
244596639
247126022
247867997
248769078
249393007
251579350
254581904
255538213
256058511
257284281
257841434
258932216
259528444
260665320
261217603
262681957
263796715
266128648
267828955
267968584
268054255
268201039
268322117
269057577
269159199
269188199
270494242
271158128
271395973
271446088
271723538
271922238
272269850
272308763
273104435
275423274
276313984
276641827
277530065
277896194
278188210
278853411
281205306
281359909
281739858
281848917
282666796
282975685
283172127
283611679
284869512
285047167
286631956
288678915
289232580
290372537
291182105
291293677
291407338
292249761
294672615
295238101
295751159
296190112
296237802
297079196
297516412
298012561
299049427
299052065
300356510
300648186
300832635
301220061
301825483
302048592
302331553
303204309
303952295
304327689
305598702
305753307
306727384
307117206
307242732
307480351
308085182
308379065
310099795
310731241
310783787
310802498
311009072
311933177
312367283
313009011
313645806
316863221
316968816
317075982
317866612
318030630
321044676
321175176
321176545
321280079
321629582
322911264
323666957
324537547
324609064
325022637
325433248
325959199
326408840
326638893
327491859
327983758
328809751
328957654
330241572
330800918
330817380
331478658
331685725
332896194
333862975
334085790
334838178
335919284
336396940
339116391
339184168
342815044
344024233
345431820
345778998
347147197
347543177
348211334
350075383
350314798
350800170
351732722
351813308
354225939
354395682
354696225
355203607
355913009
356959135
358148887
359164997
359617297
360039034
361377646
361486732
361625317
362592342
362915794
365906330
366767176
367756248
368102112
370730683
371326493
372950582
373921416
374830789
375269968
377192969
379267403
380417119
388049762
388233454
388340377
388852980
391061296
391907645
395284508
395286265
395534871
396699238
397786948
399434852
400650509
401319421
407601268
410513395
410641122
412871329
412988869
413809468
415359941
417243654
422063322
423666799
47055
990798
1651115
1692913
2104912
2278061
2382159
2499987
2717400
2874003
2875983
2892195
3019799
3067609
3338088
3410275
3454390
3550161
3713557
3833556
4188387
4190492
4688257
4695687
5098420
5158983
5295811
5332130
5364761
5467082
5792229
5940109
6085302
6124987
6429655
6811554
6848110
6855148
6909120
6936338
7048096
7152724
7209351
7255043
7274320
7448654
7467882
7533699
7544993
7762617
7788567
7811040
7923058
8326320
8475839
8527752
8648035
8843343
9040288
9151090
9255600
9596253
9718729
9820979
9845755
9920200
10005591
10383214
10386923
10508235
10587258
10668490
10840950
10942420
11308996
11319488
11603927
11611263
11622038
12088850
12252784
12266700
12370482
12845073
13096388
13127730
13451885
13718226
13759993
13836410
14345172
14409125
14429766
14707968
14875015
14932185
14956562
15053987
15204462
15561044
15712246
16003378
16017212
16209933
16272422
16298660
16930976
16939807
17050428
17238687
17407998
17689597
17793894
17799508
18029210
18191905
18411169
18456466
19466519
19538560
19569661
19889668
20028538
20129452
20315810
20404188
20502180
20638695
20764297
20821566
21102781
21193074
21224199
21742303
21892268
22052780
22067881
22194932
22320910
22393050
22922859
23122696
23601388
23694718
24095278
24136139
24275192
25561113
25645544
25729047
26259750
26305997
26342728
26358992
26529380
26895428
27361275
28056765
28284441
28289788
28318108
28390958
28581962
28832436
28871996
29229130
29443744
29753689
29946884
30075331
30436264
30459910
30628662
30687124
30765291
31307811
31372915
31425712
31655365
32001956
32516627
32860925
32907416
33147657
33289095
33314959
33465999
33898988
34076194
34423415
35021885
35091881
35696477
36241620
36319517
37178818
37238562
37378639
38602900
38683663
38756247
41103712
41847468
42149414
42310305
42501277
42850019
43088264
43347910
44064352
44356575
44404040
44829480
45902084
45906560
47486768
48387973
50184363
50981497
51105403
51257622
51413965
51424233
51642351
51665575
51799247
51897277
52130445
52556036
53007178
53143684
53290809
53597944
53836825
55751348
56255766
56517175
56681029
56836322
56883069
57828331
57874990
58077372
58141083
58217551
58220617
58363989
58477369
60170596
61736022
61749022
62572986
64563712
65293227
65389120
66265903
66710204
66770868
67684321
68091861
71575658
71837337
72632595
72658983
73045519
73415853
73915229
74258346
78601540
79005686
79382405
80170992
80857567
81121872
82625104
83793905
84543008
84862623
85281573
85519254
85631379
86249580
86558776
86729122
86767651
86950614
87726668
87825529
88089881
88491984
88723775
88826024
89685222
90415083
90877790
91844057
93298558
93366769
93944305
93950364
94013615
97188234
97478928
98990953
99461096
100001265
101764951
103480054
104391490
104622870
105166216
105996096
106533075
107753595
108329887
108426814
111199083
112869058
113527871
114453750
115677296
116645502
120031008
120430085
120830010
122379353
122537121
122767971
123088509
124387911
128005386
131976034
131982527
132107034
132107709
133230774
134019422
134724993
134790763
135556547
136163688
136321568
137259272
137296493
137321182
138032850
138037798
138562176
138660460
139090536
139393916
140001439
140325404
140715370
141785303
142176257
143460376
146709776
147274222
147383710
147472332
148889244
151472490
151956355
156349633
158570326
158866992
160530711
161094403
162191219
162816482
163130387
163283929
164165624
166112025
169442649
169876999
169982639
170732758
170854536
171993842
173894603
174824871
175205165
176586601
177767800
177929926
179317150
181247831
181790086
181881974
182055763
182244276
182974217
184306280
185126391
185182177
185419556
185646992
185862117
186110236
186556942
186902813
188196569
189839178
191550568
192241272
192811383
192821827
193622379
193647030
194818189
195984713
197630299
198208253
199074434
199607106
200734023
201163660
202556711
203202439
205585210
206735250
207721982
210404670
211712031
212614413
213611001
216645290
219121772
221009740
226244332
226426872
226803700
227730683
228713928
229120053
230359059
231913489
233470743
233941734
237284845
238388944
239338894
239403585
240193015
240410054
240746374
240820377
241459661
242768324
242830507
243246260
244376438
245778398
247624316
248550869
249415072
249891803
250418519
251294666
251847563
252473425
254459034
254509008
255184117
255920766
257878169
257995986
259795294
260298786
260380553
260547839
260607474
260670633
260979792
263732975
264055699
264760244
265891175
266264330
266309969
266853022
266906068
267128350
267129749
267143918
267704149
267705835
267723341
267831800
267835318
267844455
267884697
268321155
268345018
268837434
273575611
274672242
274678896
274737700
276480089
279366217
280325121
280594815
280837073
280990315
281607255
282862702
283197671
283322055
284777157
285149002
285401220
285870491
286117956
288488070
288699954
290102756
291312443
291872688
291897858
292073269
292099693
292934696
293335494
294916732
295381691
295384796
295881966
296118567
297116485
298653427
300241018
301132509
304218909
304791240
306614930
308349011
315202221
318593969
319961998
326877712
327461478
330376283
331649770
331790559
331905286
335319404
335679773
338826510
340071854
341549668
348243659
351555540
352798266
353768479
357441960
358160326
369042600
369248443
378572026
378621915
389823525
393348796
394054023
395534871
410996458
412785021
429838413
430383710
431707836
388238
979473
1288951
1366072
2178371
2382159
3074471
4001519
4291252
4751022
4845341
4928129
5382726
6104850
6481966
7020011
7775980
7865441
9115057
9596253
9785119
10510872
10709627
10893133
11424949
12450186
12934920
13304028
13470672
13495805
14012256
14103569
14557872
15023410
15214235
15450198
15740390
16048396
16396963
18029963
19464265
19681907
19830933
19910161
20456745
20586355
21328209
21688335
21881422
21886530
22309320
23767311
23875363
24462641
24507209
25288901
25814956
26173670
26516684
26570181
28042934
28660978
29357389
29396919
29847835
30012429
30138214
30530583
30892304
31051192
31699456
32625009
32972495
34091311
34200596
34350894
35695202
36657559
37086600
37153530
38099826
38591193
39009352
39188974
39842929
41090908
41831328
42029651
42187791
42441363
43277044
44300200
44444029
44704163
45453140
46850809
48076997
49570042
49818725
50203289
50214063
50308367
50490082
50736563
50931802
51522173
52888198
54791152
54957385
55116079
57014559
57455096
57760009
58198039
60259861
61125613
62593795
63206291
63561166
65800245
66278408
67214031
68204635
69922829
71178515
72652173
74017936
74632679
74905078
76718630
76785827
76819493
77256761
77669222
79780469
80020450
80347053
81584061
81643632
82389389
82831265
83061631
84030185
84446138
84862623
85725914
85840280
88199685
88702961
88732285
88816651
88854538
89547525
91642672
91742722
93029606
93251997
93881749
94720915
96486639
98409688
100975249
101949185
102482072
104033557
108097872
111233823
113803517
117131998
119816036
119954717
120692979
121533227
123736101
125864114
126020736
130060647
131615856
132689119
133061023
133116058
133165256
133761619
134099640
134592489
134658953
135122909
135467268
136725388
137139067
137470339
138098825
138857379
138945500
139243327
139547206
140021169
140194251
143012661
144170103
145032304
147094682
147244275
150666460
150706608
151007215
155063130
155118912
156007879
156074956
156943141
157348338
158370438
159778477
160503033
162090786
163430171
163987661
164613935
165043734
167332118
167370336
167900567
168043245
168099104
168657766
169333819
169811720
169819225
171018895
171104639
171363672
172608431
173132506
173231033
173255342
173428750
173724519
173914998
174434322
177870004
179606140
179856570
180080050
180272204
180602560
181578175
181652220
182453097
182928740
184092686
184278369
185417189
186174302
186853142
187278707
188250796
188409272
191037082
192976966
193298949
194957771
195379066
195388200
195805075
196930321
198241719
198989539
200871177
202921793
203030273
203398025
205077995
206561176
208178551
209225222
209537477
210987580
215092135
216739102
217232175
217700387
218926000
218974705
220866983
221131447
221906954
222135314
222481858
223220135
223643701
223917277
224291609
225340050
226354226
226464227
227218838
229912313
230337837
232401538
232918087
233730907
237058719
240299774
240336658
243622810
245546492
246653747
247252462
247423459
250183999
250730329
252421615
255178786
255816252
257878169
262999135
263102750
263330876
263444808
264830534
265278780
265762514
266128648
267094760
267105783
267373453
267608435
267955963
267968584
268665466
268780224
269234521
270838399
271198030
271429251
275986552
276732153
278271047
279627077
279856107
280467020
281317423
281533568
281739858
282130075
284688267
285421773
287372647
287776214
288314260
288343473
289547818
289611791
292140149
292176492
293878949
293996824
294641778
295167716
295573795
296233241
296801108
296850949
297127478
297152292
297609486
299022171
300494821
300668449
300993093
301415144
301423325
302980598
303952295
306165789
307052919
307230641
307453350
307556035
308349001
309212922
309573316
310783787
311703715
313645806
313852110
314268257
314466945
315203359
315757547
316355716
317594057
318038245
318251749
318376566
318493871
318882379
319059869
320651216
321175176
321280079
322682435
322927907
323666957
323832247
326180005
326830770
329063353
329158351
329967386
330240676
330288959
331605235
331691314
335747878
336300213
336729934
336755888
337200244
337840307
338281716
338532568
338542788
339002505
340233204
340449704
340950539
341853725
342270642
342629841
343589723
344304330
345431820
345665733
346710068
347629868
348361664
348372891
348868193
349476851
350075383
350412425
351048540
352275144
352589284
352652017
352919740
353191542
354221765
354679513
355172758
355585491
356944546
357041161
357474633
357659746
358213156
359803966
360040299
360471509
360630194
361819007
361973855
362363310
362455825
362915794
363617390
363980395
364056027
364550745
364917077
364921144
365366185
365408582
365504626
365624713
365670950
366372381
368066187
368102112
368527029
369042600
369448008
370118961
371004494
371247305
371389449
371484192
371836448
371902665
372682583
372804764
372950582
373337894
373413622
374621680
375201099
376214760
376227363
376488056
376838556
376862403
377287867
378505732
378661722
378939844
379267403
379851017
379879581
380417119
381230523
381276566
382191444
382813171
383214760
384516317
384526205
384936836
385091855
385618199
385748514
387451416
388042542
388607996
388638557
389612871
389953511
389965652
391156325
391225897
391357826
392410205
393347228
393901453
394129425
395050104
395517503
395534871
395933110
397337925
397704917
398168099
399434852
400000458
400943071
401139112
402806370
405089464
405622459
405700327
406331625
406520727
407015203
407873704
407890331
408368627
408632055
408639539
409020031
409191876
409776703
409777380
410428462
410565004
410623591
410801921
410857299
411031262
411335839
411648127
411871020
412554317
412645429
413024565
413128874
414521156
414580743
418792091
418942835
418957312
418974352
420708005
421615267
422530713
423106979
423220424
423666799
424582670
429523198
430579403
430841377
431373519
431473227
432332839
416533
650579
707642
713826
1045859
1154066
1223435
1224425
1365504
1856529
1922068
2025318
2045009
2069006
2110454
2116636
2225188
2315868
2321522
2362949
2382159
2393737
2443795
2466504
2467810
2548832
2627352
2754213
2761680
2775790
2808605
2884453
2993360
3012493
3016178
3038833
3130944
3162921
3173203
3281606
3360553
3462235
3494869
3509337
3528677
3537003
3651553
3849850
3872621
3875022
3883654
3932039
3939905
3950867
3982776
3983828
4016640
4085992
4171408
4173422
4206300
4225764
4235432
4238803
4356156
4404441
4516759
4566990
4586184
4609733
4654163
4748125
4751022
4856698
4893634
4905032
5040444
5095436
5120875
5125597
5133471
5199185
5299801
5338909
5341533
5344815
5448496
5587850
5615831
5625431
5626454
5647880
5648066
5682995
5732233
5762095
5782606
5802547
5803412
5907536
6011527
6025320
6040547
6096810
6099059
6137564
6139436
6251146
6399698
6484479
6486084
6579157
6616735
6637869
6816366
6822578
7024618
7076600
7183530
7270980
7290211
7371146
7385809
7388886
7396279
7453115
7477696
7481208
7556195
7562821
7633249
7672850
7732777
7762448
7775980
7897395
7932232
7944370
7985224
7991371
8064657
8128768
8335795
8364035
8489813
8572794
8643074
8644716
8799874
8838646
9175932
9246782
9333639
9546593
9575837
9602967
9660081
9731302
9750757
9754399
9787851
9845755
9951200
10093988
10133042
10136799
10197255
10329985
10343117
10385165
10385488
10650465
10756393
10817611
10820431
10869901
11002196
11308745
11358098
11366837
11386941
11435717
11627814
11637533
11680259
11686500
11701657
11847263
11871648
12023631
12040040
12082907
12118789
12193289
12534600
12582045
13134694
13303669
13335420
13374133
13383979
13487739
13524999
13748134
13890053
13896219
14045941
14057156
14099536
14134890
14368711
14397478
14429766
14440195
14460159
14467374
14517341
14565692
14695601
14710425
14804118
15023410
15213018
15214235
15235134
15261416
15302386
15378210
15455788
15466819
15473296
15527338
15571218
15828855
15840050
15849823
15869021
16196929
16235967
16355776
16368728
16368897
16421537
16454793
16487734
16513442
16631093
16683188
16722711
16733025
16744003
16750385
16766569
16838700
16852944
16930976
17247535
17272620
17277817
17454617
17507467
17595287
17719670
17878207
17931312
18031068
18104296
18168526
18519490
18570112
18810779
18813059
18897285
19182393
19260853
19425775
19459109
19486874
19532061
19682303
19712073
19735886
19767330
19847411
20007627
20016162
20060545
20070698
20252105
20367205
20464445
20543460
20595266
20736387
20746361
20796928
20815640
20877956
21037682
21195411
21279868
21333179
21549373
21666902
21720358
21927243
22009913
22056697
22067881
22301536
22415946
22442006
22558650
23016201
23052245
23117309
23122696
23201858
23234226
23308293
23498088
23536566
23550481
23630182
23698003
24064073
24167717
24190058
24370137
24702700
25196738
25266117
25304521
25345509
25472703
25837344
26447950
26567623
26671576
26846732
26937847
27045399
27269991
27307516
27470523
27532281
27731296
27910067
28006845
28073373
28129791
28318327
28322437
28390958
28487724
28586097
28686898
28772237
29100948
29135654
29332882
29847835
30014518
30191036
30207712
30278974
30351902
30468686
30547718
30630287
30641881
31279258
31331658
31350646
31629644
31701212
31717383
31889792
31890126
31932316
32047812
32140007
32446119
32692061
32757081
32972495
33119235
33133317
33151218
33388144
33408197
33602242
33763767
33773243
33975347
34091311
34157354
34195059
34408913
34682532
34800335
35242371
35318164
35360611
35390824
35471784
35738684
35973735
36416555
36553446
36565769
36950779
37016142
37574648
37660656
37675146
37708603
37750371
37763244
38700902
38718325
38977508
39187774
39261010
40095313
40099758
40146136
40192522
40216528
41365285
41514070
41802416
41809435
41812615
42171392
42185175
42246403
42310305
42311333
43232940
43345423
43435034
43544903
43938813
44100412
44251153
44684327
45477692
45960859
46261787
46332535
46446355
46448876
46468907
46581473
47189280
48343914
48665701
49034566
49553324
49912426
50352429
50417861
50496041
50893500
51105403
51261766
51350046
51416884
51521039
51750081
51928266
51946634
52447953
52727041
52867409
53021449
53179427
53384732
53760739
53933431
53941062
54206021
54320209
54779429
55308410
55380644
55680750
56126458
56127913
56579813
56771551
57010420
57331662
57346213
57356450
57542784
57820200
57829057
58037848
58250527
58605362
58629163
58816869
59148255
59476584
59477594
59501772
59668763
60041152
60514125
60600344
60655794
60672020
60773246
61323499
62202135
62559711
62862581
63211653
63253069
63597470
64121214
64382286
64493319
64545149
64615830
64839740
64929195
65217159
65293227
66142933
66396131
66432122
66769506
66801740
67061857
67450160
67599614
67839635
68018920
68403433
68607297
68675077
68761706
68795489
69446990
69866292
70216345
70246895
70457243
71240123
71452986
71704921
71790444
71843260
72216674
72523882
72574555
74148190
74380638
74667102
74753517
75624274
75740201
75821025
75906334
75940462
76157889
76991796
77249685
77357793
77366124
77840629
78294673
78767262
78941768
79044249
79863619
80140744
81080068
81797436
82231726
82495001
82737228
83061631
83612452
86376370
86644612
88025879
88364905
88514216
89040339
89255049
89311586
89762487
90078398
90280374
90301333
90908437
90925847
91557548
92247450
92595444
92781043
93261570
93881749
94242685
95220996
95452778
95588199
95753420
96277028
96330613
96351799
96717000
96810423
96961427
97029432
97415558
97496249
97520135
97817594
98435538
99129015
99286181
99407986
99694558
100763125
100985067
101011554
101014456
101346231
101773794
102033258
102113373
102227994
102442189
102543345
102734142
103118382
103483830
103684236
104622870
104696512
105166216
105521736
106214721
106281660
106814228
107199918
107388979
108445223
108533274
108560312
108711058
109209985
110028556
111381010
111476382
111505748
111506069
111510583
111899219
111987798
113373091
113412752
113466437
114235345
115517214
116307088
117258014
118166679
119524454
120132231
120220977
120305263
120922059
121322806
121364936
122200136
122571094
123311094
123883362
124990535
125401104
125455987
125886352
129112118
130052842
131100058
131640016
132125318
132274069
132341402
132445664
132656591
132718185
133167389
134239644
134434528
134559633
134643887
134808375
134932278
135375308
135434590
135906026
136152289
136347827
136470021
136644757
136725425
136886051
137139222
137219038
137710854
137866975
137945234
138048696
138117637
138266202
138397710
138600531
138686332
138687849
138709029
138980535
139049847
139345144
139387216
139405293
139655311
139990127
140096706
140409591
140675541
140820558
141105857
141108169
141212168
141921822
142359562
142555307
143176799
143741131
143985609
144153952
144162146
144387169
144641905
144644920
144668109
144906529
145264078
145567693
145851473
146167838
146224508
146248527
146682665
146918756
147167958
147397281
147472443
148041966
148275232
148324786
148365751
148386222
149106180
149184888
149201275
150666460
150914219
150981987
151181688
151377365
151590526
151893047
151910831
151928614
152114024
152134951
152419849
152530481
152780499
153695174
154057735
154066458
154099462
154250189
154252702
154301972
154339646
154490324
154587695
154896260
154939449
155269598
155991536
156136958
156542842
156646704
157745183
158501390
158946933
159275739
159369026
159373252
159555854
160303681
160456646
160959524
161024123
161202386
161921833
162067680
162585091
162687553
162711349
162718004
163516498
164381586
164489612
164681536
164904982
164971104
166271601
166561422
167012896
167370284
167370336
167635871
168153891
168535233
168621455
168910725
169313279
169396968
169901526
170201268
170390828
170421554
170818361
171249733
171654873
172050952
173109024
173267344
173799506
173894603
173970273
174074595
174468897
174795241
175169842
175320135
176211207
176492966
176951678
177247773
177614121
177706830
178596133
178610788
178809060
179146758
179899926
180080050
180573363
180587873
180941660
181069215
181751704
182185454
182217710
182322487
182681831
182837859
182961861
183010172
183157860
183263710
183347398
183402046
183407833
184092686
184306280
184978411
185028577
186483936
186788043
187066561
187185332
187879466
187955506
189774201
189803057
189834718
189838447
189877811
189887564
190023594
190079659
190145187
190678823
191600361
191807167
192532653
193301443
193342433
193524762
194344714
194855660
195388200
195616999
195761508
196593637
196645178
196790765
196807222
196858560
196996825
197079272
197336131
197577764
197944170
198298832
198349656
198474835
198619092
198619554
199156157
199340107
199734309
199813540
200069168
200264290
200787909
201676375
201863772
201871967
202229163
202253992
202392406
202554003
202848777
203656568
203982167
203990447
204605062
204667429
204965563
205231466
205472096
205518116
205579007
206597293
207111656
207153446
208049659
208603212
208768093
208970995
209089188
209190661
209476674
209714393
210074795
210379480
210563029
211435826
211474663
211513506
211657024
212157550
212396163
212654377
213380977
214901195
214906232
215115737
215124835
215640509
215880274
216179054
216572297
216713641
216813261
217043503
217428970
218040007
218870116
218926000
219783661
219878678
219911937
220372526
221137101
221424081
221487588
221622590
221804928
221993990
222220782
222276963
222360683
222479965
222491621
222691200
222943557
223453246
223491575
223724453
223861575
224057887
224142763
224308183
224596346
224613104
224636106
225171928
225195072
225288452
226154414
226244332
226468438
226474261
226683521
226871806
226992829
227512416
227730683
228017443
228844200
229124184
229130077
229293232
230304184
230321630
230662349
230854473
230859166
230926608
231658855
231960745
232632746
234119135
234234933
234277805
234353815
235084240
235091564
235183435
235273381
235800165
236524153
237388895
238527350
238859947
239297512
239338894
239822453
239987627
240461330
240665116
241220256
242012186
242304292
242830507
243177700
243622810
244090172
244174171
244253755
244571278
244672713
244710160
245545776
246157825
246463751
246702786
246798223
247388154
247414699
247650208
247732650
247768956
248511929
249886540
250063056
250126291
250531120
250575209
250977161
251698384
251722479
253169176
254091831
254363839
255538213
255581579
255674242
255767611
255829004
256895245
257422985
257878169
259814111
260565644
261521113
262452584
263171134
263598963
263663233
263732975
264501164
264830534
265017324
265126989
265277010
265983765
266128648
267066582
267255696
267786533
268438974
269567230
270410071
270770448
270854762
271164296
271678588
272652925
273301639
273693167
274309794
274554126
274902602
275196222
275255088
275283602
275858281
277339047
277707662
278116972
278169996
278237515
278294452
278754769
279065656
279627077
280285230
280664279
281027795
281383240
281406425
281464096
281739858
281882548
282095201
282219927
282221877
282245556
282308143
282404481
282467354
282666796
283272206
283769105
283854806
283919384
284089560
284703294
285380992
285709863
286330838
286664133
286684181
289185147
289249887
289308129
290081863
290483222
292050386
292439359
295069228
295239646
295345770
295434117
295524309
295550652
296424377
296470544
296908757
296939609
296987780
298058616
298581878
299343579
299572087
299635224
301454805
301618676
302265739
302718432
302898881
303431363
304137530
304543273
304834287
304868167
307357704
307556035
307950262
309099393
309302638
309728983
310628525
310783787
311734009
312884108
313645806
314654433
316291644
316693632
317805976
317853786
319216825
320243789
320651216
321175176
321280079
321450345
323506140
323593207
323666957
323677182
323743838
323947222
324293534
325286905
325644721
325688888
326786757
326944630
327598936
329299318
329709892
330055341
330343190
330420538
330481747
330705422
331241123
331598739
331605235
331620624
331709562
331913707
331916741
332729448
333009130
333311792
333777681
334062423
334529929
336188122
336370787
336390977
336396940
336533631
337200244
337321145
338213881
338281716
338395781
338564651
339053395
340449704
340865035
342658059
343700628
345093600
345281681
346253668
346366042
347478621
348216210
348696032
349217673
350266621
351343859
351446898
351813308
352108126
353655691
354168708
354176301
354196397
355141815
355397325
355732955
355980046
357221958
357315404
358213156
359458129
359922573
360777333
360978356
362236043
362261936
362393185
362481824
362571359
362697129
362915794
363980395
364398988
364776893
367445030
367943926
368066187
368102112
368180844
368668275
369565555
369923635
370347119
370948518
371134236
371208811
371246936
371571974
371932339
372832336
373998982
374036037
374047748
374500514
374830789
375240765
376226386
377096454
378492431
378658081
379267403
380417119
381217733
381380955
381838937
382132875
382983499
383003244
384807674
385595163
385725230
385748514
386199576
386352325
387658909
387765403
388411609
389381875
390355743
390463781
390506670
390616459
390645491
391293390
392590093
393491290
393926827
394866323
395534871
396692649
397311148
397536074
397767897
397956158
398015454
398056537
399434852
399867780
400000458
400263479
401098514
401378442
401687666
405469856
405780222
406340448
407034964
407748211
409616677
410367816
410641122
410802465
410884813
410906743
411335839
412139624
412785021
413244799
413503913
413636994
413877741
414580743
416342631
416474404
416636019
418610222
419380521
420104013
421615267
421870360
422726369
422985245
423666799
424014719
424329539
425191698
429628019
979473
1025131
1272483
1288951
2109480
3059372
3647003
3689275
3699143
3944451
4098790
4690854
5167484
6338708
6812775
7010946
7020011
7583813
7991585
8025416
8124534
8841619
9115057
9419086
10157331
10292265
11134485
12018897
12071320
12648864
13033217
13180458
13380549
13495456
14012256
14281424
14557872
14819731
15553287
16048396
16396963
16715990
16723210
17860525
17916530
19681907
19830933
20136737
20272741
20742087
21746526
22309320
24507209
25283174
25469359
25524018
26525667
26580101
28217163
28302020
29396919
29614421
29847835
30012429
30138214
30195561
31306877
32044427
32935640
33646659
33810344
34062620
35501250
36478220
38787576
41804189
42187791
43098691
43640012
43818335
44270911
44704163
46100586
47066086
48046060
48076997
48349340
48534056
49872487
50203289
51105403
51522173
52800399
52888198
54069325
54814092
55042503
56315170
58553075
58928493
62593795
62652068
63737577
65674460
68092403
68762756
69028166
69132859
69740846
69835779
71351833
75335605
76063165
76182048
76785827
80020450
80561516
81401249
81503715
82831265
83196969
84342457
87261080
89547525
89924845
90382812
90746618
92454854
93178823
93356127
93881749
94287269
94496912
94720915
95701131
95706370
97387375
99270173
100975249
102388975
110715676
112145268
116605615
118028444
119816036
121533227
122265626
124975679
127797168
131506722
132504702
132793716
134099640
134241213
134482056
134890949
135160618
135276911
135907471
136344711
137470339
138098825
138857379
140021813
141905731
143192867
144192673
145593651
145773219
146868110
147562801
147588828
148064877
149413248
149510002
150340797
151026239
151261275
151914012
154508377
156148952
157297328
157417292
157644925
159400604
159862767
161130093
164258475
165302529
166310482
167199419
167607232
168632006
168793725
169833994
170234703
171322514
171363672
172442968
173231033
173255342
173638062
173914998
174049745
176059160
176498045
177425038
177935850
179013529
179722335
180749186
181351735
182142792
183199105
184041903
184278369
184464185
184782961
185259170
185628558
185771296
186049363
186301973
186545325
186853142
187203539
187912690
189114759
189543244
189739928
191633891
191639088
192737271
195029213
195081876
195217030
195886420
196108184
196861632
197145529
197504286
198979217
199387099
200881212
201163893
201670309
203411563
204367372
204844910
205635742
206329340
206555504
206690550
207017767
207252753
207606226
208097893
208446109
209194290
209346396
210892786
211226418
211350769
211975663
213046871
214319614
215430160
215462462
215734843
215746668
216125303
216251479
217089437
217637169
217836271
217915966
218517038
218580294
218755363
218998370
219587421
220022528
220096114
220970213
221909121
222318996
222493608
222947830
222951250
222958959
223643701
223917277
224035975
225747444
226044766
227778007
228006805
228499616
229289351
229745408
229785394
230778018
231631933
231798027
231928963
232289015
232579296
233287532
234573334
235384765
235619199
236538325
237058719
238022300
238839929
239254611
240067065
240317524
240586322
241893928
244386950
244648347
244751694
244845840
244901826
245180411
246471539
246575902
246988698
247994024
249418998
250183999
250299578
250904241
251359724
252327167
252732463
253109113
253202945
253226962
253632654
254370391
254419938
255495266
255947813
256370606
257882818
258377567
258458198
258905434
259017893
259118160
259143118
260297522
260425653
260903974
261161886
263343484
264122740
264319047
264806414
265802640
266833734
267771041
268263598
268400944
269144899
269654981
269779040
269884246
269947156
270271820
270560941
270777227
270999443
271556966
272341245
272478960
272931306
273280164
273366250
273751965
274579570
274673570
275344932
275559016
275985303
276093961
276560356
277092974
277345222
277429288
277714995
277895875
277952048
278660481
279606791
279965206
280143536
280464594
280478683
280653476
281049984
281298503
281662805
282173467
282917277
283098151
283298745
283359162
283470763
283498191
283625584
284040439
284234894
285195462
285401987
285465231
285606984
285722635
286139765
286201066
287136038
287539597
287564045
287625636
287689281
287825776
287831999
288084162
288099971
288463402
289684377
290406662
291160919
292140149
292845572
293553407
294545672
294917763
295255149
295317762
296131798
296179723
296210754
296952564
296981717
297106410
297609486
298068465
298604804
299335717
299536532
299760706
299792285
299829803
299952722
300494821
301001127
301348815
301545486
301664010
301692488
302460591
302549096
302980598
303144094
303272782
303803147
303952295
304044992
304186892
304200537
304458064
305453239
305727575
306498739
307011669
307127604
307923670
308028634
308043190
308329682
308535407
309358751
309533781
309573316
309727350
309853666
310430109
310771518
311349075
311411907
311774621
312147138
312430941
312695724
312828266
312847361
313410518
313787346
313830975
313925747
314022518
314074797
316095596
316290658
316416541
316447008
316597957
316605398
316724400
316821921
316879426
317060261
317559710
318038245
318627763
318927504
319419671
319495929
319756216
319917106
320137333
320177863
320294613
321267902
321432706
321478987
321971208
322239476
322753893
322778032
323021372
323333308
324704365
324851442
325097210
325161120
325193052
325475699
325483339
325486401
325825497
42911
114293
219340
703784
710672
713826
1223435
1651072
2025318
2069006
2290193
2357537
2382159
2627352
2879673
2993360
3042735
3074471
3110065
3186155
3210580
3242136
3367554
3420053
3465328
3528677
3960546
3968900
3983607
4475852
4542821
4566990
4901695
5076224
5179944
5625431
5625482
5626454
5646539
5940109
6248846
6374085
6399698
6401894
6433991
6437762
6440535
6611082
6673984
6701738
7099190
7136481
7142301
7283531
7294464
7382298
7533699
7584646
7786928
7890709
7927155
7951996
7963428
8064657
8160368
8414307
8420036
8430360
8635870
8727376
9152539
9416949
9619549
9711605
9845755
10383214
10778323
11002196
11004541
11083440
11308745
11618576
11637533
11658046
11701657
12118789
12392693
12646855
13519482
13730758
13747839
13748134
13890053
14467374
14852578
15156017
15214235
15307012
15705264
15735793
15841984
16002490
16191147
16487734
16631093
16711364
16715990
16783129
16940051
17272620
17949389
18028028
18197547
18501714
18810779
18813059
19322935
19511881
19678089
19916487
20090375
20363243
20756465
21367265
21476297
21498883
21531449
21653826
22626763
22720942
23016201
23308293
23630182
24351470
24628536
25021110
25023310
25736154
26089085
26580091
27532281
28129791
29753689
29797250
31780487
31889792
33304029
34091311
35426356
36363078
36907424
37675146
37792271
38117920
38718325
38860766
39261010
39270787
39832646
41248680
41731601
42311333
42571062
42929402
42932727
43146750
43435034
43453609
46413610
50387598
50539810
52086851
52648978
54078105
55680750
55895479
57917791
58490060
58834483
58915584
59484701
60160051
61637680
62670395
62834252
63680170
63742644
63906270
64104292
65664112
66624313
67214031
67629655
67664777
71138592
71707389
71810989
74154194
74753517
75969563
76072964
78493995
78612940
78769820
78956136
79099151
79480209
80566984
82231726
82737228
82933173
83061631
84144777
84961140
87791656
88364905
88514216
88541434
89347067
89358212
90743718
91106660
91991705
94937492
95247299
96277028
97029432
101014456
102402413
103074532
104893257
105625430
105893923
108020908
108527171
110139358
110406754
111199083
111436823
113647002
113714468
114258059
114319631
114654363
116477998
120013395
120132231
120261662
122200136
123795075
123837272
126020736
126141562
127353151
131882013
131899293
132274069
132878323
133156764
133514911
134566846
135375308
135753956
135865561
136051783
139213665
139217903
139387216
139393916
139655311
140489316
142359562
142940256
143193675
143313924
143379674
144668109
147101193
147765706
148365751
149510228
150837839
151289681
151590526
152420086
153585548
154359266
156067051
158022012
158477333
159499921
159538283
161202386
162671934
162777804
163049893
163397177
163962497
164167510
164971104
167373921
167635871
168081880
168153891
168234398
169055096
169207133
169907085
169982639
170009891
170517198
170787430
170863452
171249733
171526887
171965380
172542119
173223470
173373943
173615829
173970273
174950202
175113167
177454687
177538947
177706830
178065737
178596133
178719834
179962138
180173844
180500479
180702330
182242347
182965110
183549057
185028577
185310008
186483936
187524955
187612100
188890351
189078037
190580024
190978325
192191838
192542555
192701043
193673885
194766223
196645178
196930321
196996825
198310329
198989539
199845042
200069168
200770990
201777600
202554252
202712865
202848777
203290623
204667429
205500317
205518116
206174354
206247509
207291752
208049659
208093637
209289917
209640916
210122888
210864050
211323960
211435826
211880985
213109330
213121775
213308224
213803483
214205201
214431210
215322326
215772129
216179054
216309943
216431757
216782955
216837577
216986964
217019106
218573637
218605065
219137136
219145527
219704652
219878678
219911937
219974559
220225002
221216227
221424081
221532210
221880099
221993990
222154885
222479965
222936384
223861575
224170235
224616139
224816899
225130193
225288452
225773045
225927787
225991964
226123980
226244332
228493233
229697334
230113857
230953421
231594599
232007790
232259514
232405160
233003753
233212624
233730907
234277805
234533146
238189352
239693498
239780198
239838524
241404201
241601251
241902277
243422467
244775998
245545776
246702786
246925800
247679075
247796391
248175964
254601614
255538213
255581579
258131635
259775856
260164567
260566808
261576474
263732975
264099150
264131154
264755024
265222994
266627490
267050993
267574138
267608435
268423320
268734591
269839470
269896359
270390238
271604001
272232471
273403009
274100772
274393142
274587948
275143775
275564496
276441464
276623444
277530065
277648429
278294452
278340599
280953935
281445860
281592257
282095201
282467354
282960329
282975685
283919384
286285017
286967727
287418212
287525225
288898635
291692203
292415455
292439359
292595233
294159293
296112103
296407409
296927466
297461878
298109242
298697856
299052065
299572087
300369845
301460209
301563372
301618676
302440811
306271625
306719918
307556035
308294467
309707499
310430676
310783787
310939618
311982806
312346920
312449902
312947778
313321418
313469602
313827739
313840788
315713515
315728871
316626613
317434549
317657600
318187443
319216825
320651216
320936119
321175176
321280079
321862621
322043556
322811457
323506140
323832247
324910344
325171016
325334306
325566820
325962211
326877712
327607204
327922293
328410744
328492046
329138201
329703117
329785366
330248617
331478658
331620624
331908053
332017828
334139203
334452611
334516410
334812809
335324537
336679155
336845511
337263776
337840307
337984433
338281716
338400214
339296160
339454779
339661457
340060913
340071854
340817639
341280308
342799210
345556756
345953598
346015768
346366042
346710068
347078454
347478621
347666684
348004468
348745402
350609802
350856479
351343859
351353729
351492931
351813308
352222915
352759101
354399278
354420731
354683400
357441960
357551902
357937079
358182347
358969391
359483461
359638896
359853910
360530178
362236043
362571359
364459911
364776893
367029363
367875798
368066187
368102112
369932241
371097461
374189299
377685289
379676053
381361012
385540974
388340377
8398
33339
37598
44249
60082
69321
73993
74025
80954
81470
82294
99784
122312
141827
158044
187373
205337
220997
226622
232188
243304
250494
273224
275242
285993
288302
289593
295345
298907
299495
349622
356816
368415
375829
388238
395468
436807
441373
479804
503317
533695
554387
561080
575706
593070
622550
626453
632459
635776
636779
649892
655624
660264
668809
669336
671246
696151
699218
701608
703784
791754
800624
845311
859503
860884
883500
901329
907299
920975
927663
939091
939969
993111
1017646
1045290
1046845
1076058
1081275
1088118
1099544
1102493
1109210
1132660
1155449
1179387
1180607
1187289
1210461
1239498
1242684
1243373
1266309
1273547
1275957
1309554
1310571
1327700
1357596
1359626
1379545
1386597
1392551
1392793
1401249
1406873
1470876
1479638
1507631
1515120
1525765
1529506
1552897
1579491
1580692
1586424
1614675
1615142
1618385
1622425
1624880
1633290
1634222
1643177
1645586
1757983
1768481
1773832
1780051
1809483
1825346
1837879
1840492
1841921
1852160
1856715
1866626
1891056
1891317
1908950
1911946
1921019
1936387
1962340
1962891
1983047
1985201
2010619
2025861
2033879
2043147
2051860
2061041
2082422
2088431
2095656
2096307
2102594
2105978
2109480
2131950
2145962
2146046
2160444
2168416
2169862
2178371
2180277
2181427
2189252
2189924
2192239
2199639
2224071
2227482
2243610
2249640
2258816
2273437
2275350
2282980
2288031
2290858
2298291
2303877
2315102
2357193
2382159
2382383
2384301
2384426
2429182
2430243
2437640
2442547
2454040
2454271
2465025
2470218
2471680
2472953
2488913
2497327
2527130
2530933
2531510
2544685
2553688
2563075
2577575
2579237
2580752
2588584
2592331
2606621
2615489
2639340
2641396
2645053
2654569
2657622
2660335
2662116
2667221
2668630
2669979
2692593
2702467
2713481
2718182
2722326
2722764
2728220
2730384
2738226
2740276
2741154
2745547
2749283
2750627
2765785
2768696
2785816
2794143
2799931
2808605
2815532
2824633
2825259
2830133
2842951
2858314
2862637
2868634
2871940
2875666
2876765
2877935
2884700
2885628
2886001
2895706
2897027
2898000
2903447
2917649
2924048
2925483
2929796
2947703
2948186
2954732
2955890
2957234
2957288
2961231
2966849
2969200
2972189
2979319
2983761
2989948
2993360
3002918
3007059
3011128
3012219
3012493
3016780
3030689
3035684
3036582
3042617
3078429
3092252
3094018
3094967
3097056
3098948
3099111
3106123
3117409
3125881
3127373
3135963
3140293
3150858
3154003
3179032
3179900
3186155
3214586
3219945
3220082
3223330
3228804
3230219
3245146
3250557
3250804
3260126
3264446
3267523
3267834
3280206
3281753
3282082
3291644
3297242
3302151
3302487
3314240
3325558
3326239
3332159
3344973
3358687
3363352
3383202
3388174
3396022
3402426
3412969
3426329
3426621
3427436
3428589
3438004
3444360
3449649
3451236
3458859
3459038
3465431
3473198
3490801
3498985
3499516
3501757
3502297
3509681
3526597
3547706
3563058
3563859
3575653
3578062
3583473
3584050
3602778
3639951
3644343
3649046
3664155
3666246
3672237
3676489
3677533
3679997
3682802
3689030
3709778
3710040
3714670
3716285
3718252
3718843
3752716
3752965
3753273
3755481
3758223
3760338
3762286
3792914
3793316
3805677
3808351
3808719
3814373
3814797
3816733
3817707
3834392
3834519
3838259
3839437
3855927
3865478
3876896
3886287
3890834
3918137
3923809
3924920
3925383
3928602
3942253
3943216
3943306
3943772
3945291
3947038
3947264
3948694
3950867
3961684
3983828
3987402
3987896
3988145
3993721
3994400
4001519
4008412
4009844
4010633
4013047
4014388
4037005
4039898
4042936
4057649
4072192
4097923
4098790
4107507
4107585
4114657
4118193
4120781
4123960
4124428
4135131
4135176
4138096
4153086
4154800
4175084
4187964
4190207
4200435
4209012
4230217
4233467
4235782
4237503
4238803
4245570
4250463
4250537
4258130
4265351
4275561
4275922
4281672
4283813
4291252
4293468
4308098
4309282
4309389
4312556
4314545
4317534
4322485
4325119
4329659
4331083
4331450
4336519
4338351
4350152
4350340
4354479
4356929
4360199
4360942
4365164
4365492
4371078
4373514
4374330
4379403
4388130
4388890
4393217
4393575
4394219
4395980
4411820
4414356
4426730
4434911
4435052
4435433
4443253
4446715
4448558
4450558
4451246
4463448
4478622
4481843
4485131
4485621
4492949
4505336
4508319
4512377
4513443
4518468
4530143
4535067
4538428
4540169
4544797
4547962
4553526
4558185
4562254
4565925
4579821
4588818
4592130
4594785
4596008
4596510
4596683
4596904
4601420
4605377
4608709
4608740
4615059
4636133
4645536
4647055
4650834
4654744
4659400
4665540
4666226
4667713
4671532
4674262
4684622
4686542
4690062
4693647
4711520
4711753
4713426
4718988
4720433
4723809
4724805
4728045
4728434
4729608
4735912
4741334
4742070
4755449
4757090
4777682
4778373
4780773
4787333
4790843
4792519
4800246
4808681
4813865
4818796
4827168
4827261
4831522
4845282
4845341
4849676
4860367
4860671
4869565
4875047
4878227
4880543
4883365
4883608
4884342
4888591
4901695
4903064
4908452
4909182
4910081
4910173
4914772
4923444
4924821
4924959
4929874
4936120
4936431
4941813
4946988
5003148
5006201
5031249
5040783
5041448
5045777
5047070
5054310
5073189
5075297
5077528
5084940
5090347
5093199
5095516
5098901
5103172
5108983
5119843
5122762
5122787
5133442
5152077
5163329
5167203
5170764
5176458
5186453
5196302
5199185
5200540
5200729
5201290
5211716
5225473
5227088
5229959
5238342
5248960
5250184
5261524
5262082
5267738
5272149
5279070
5284130
5286693
5293477
5301748
5302270
5303032
5325678
5340918
5341747
5344995
5346114
5350356
5358508
5373012
5381475
5382599
5386845
5388241
5397737
5411669
5412574
5416432
5424494
5427314
5439274
5443271
5445400
5452376
5454662
5458286
5459088
5464160
5466847
5482269
5485939
5486735
5488941
5494333
5502997
5510220
5517789
5519387
5521592
5526918
5531196
5534603
5552262
5555663
5569810
5573978
5574285
5574512
5577252
5578967
5579748
5580675
5580866
5604654
5605323
5608756
5610226
5610627
5620661
5622269
5624652
5625340
5627057
5647880
5651539
5656764
5659693
5686925
5692792
5695132
5713249
5716006
5716925
5721855
5725658
5725661
5728365
5730573
5734514
5736881
5742533
5745533
5747795
5749998
5750051
5761736
5771872
5781135
5784710
5785913
5800326
5805481
5829668
5833290
5837613
5838225
5848193
5851357
5856542
5860446
5861553
5867246
5876015
5877891
5881099
5888028
5889462
5893999
5897833
5903665
5907536
5912161
5912339
5931051
5934700
5936058
5937693
5952837
5958112
5959563
5964412
6003532
6004510
6008343
6014665
6016102
6018648
6024510
6026661
6027174
6027352
6044144
6050064
6054502
6063746
6066017
6067557
6086374
6087003
6104850
6105082
6107292
6114112
6114378
6124866
6127981
6141382
6144660
6147453
6151789
6155329
6155552
6160566
6164581
6166871
6174079
6188022
6190452
6205385
6211489
6216897
6220220
6225181
6227393
6248846
6249766
6258395
6259275
6259470
6263961
6279435
6279441
6293085
6295024
6304175
6305100
6306930
6309305
6309354
6314141
6315513
6318244
6327243
6327511
6332596
6336921
6338708
6357991
6366828
6367849
6369929
6371148
6379505
6380966
6394320
6397450
6421008
6423139
6424529
6427400
6428078
6430767
6432377
6433991
6448168
6450723
6451772
6457750
6458153
6458793
6461645
6467158
6471154
6472115
6481966
6482685
6485705
6488075
6499055
6499939
6501755
6502663
6505990
6508679
6511880
6512834
6518666
6522225
6533333
6547325
6559434
6562854
6565977
6573141
6574083
6578080
6582497
6585741
6604187
6610786
6611271
6614676
6615712
6624954
6625680
6631923
6639810
6640278
6640925
6644291
6645276
6650466
6672924
6679503
6679652
6686336
6688038
6688333
6692353
6727414
6730040
6732763
6734258
6734948
6735072
6735354
6735470
6741733
6744099
6744302
6747648
6759371
6777824
6785289
6786284
6789004
6792970
6805041
6807009
6809542
6815031
6820185
6839606
6844845
6851068
6855218
6855935
6862070
6864863
6867028
6872524
6879951
6880717
6891284
6899643
6899905
