515213
703784
4185220
5216482
6508628
7003180
7051991
7487738
7979871
8160368
8309811
8377237
9023546
10416903
11181308
11701657
12883062
13877988
14220054
14359102
14679668
19693217
19796192
19832087
19861795
20019865
20591095
22063012
24637330
24852090
25345479
25760923
26865026
28872512
29872946
30796223
32941851
33397609
36008655
37692634
38964786
42153409
43925455
44145811
44272622
45388435
46103237
49886343
51147292
54787980
56100164
57803053
58367739
58592373
59638375
60179287
61505683
63447886
63763649
67377210
68779016
69681137
75305795
78439759
81371661
81401249
81748736
83308637
85154889
86582747
87048957
87398668
87466807
88441348
89690148
90273814
92247450
93913381
95401787
95859673
96426350
97622010
100801023
102254838
102948052
103621447
103706689
105625430
106111609
115139362
119712329
122760980
123016429
123600823
123929569
130164547
132667818
132738763
133649424
135090024
135325619
135345457
136882942
138767152
140471573
141303239
144054312
147104247
147240950
152129769
153165471
154166977
154890463
156106906
156666337
158444348
158569499
159050453
162895365
165825346
170517198
171489187
172854304
174849919
174864878
175436321
179787325
180317417
181563270
182406377
182615550
184576047
186842236
187221896
188508309
189766498
191362606
191529734
192521281
193036458
194094587
195033418
200058942
202898065
206763700
210645110
212206561
214365573
217144245
222146116
224401879
224675336
224943321
228886575
233138058
237546978
237742776
248176981
251434780
253264705
259397223
260516002
269484497
280434452
284077274
287852005
288528556
289428576
289826926
290520214
293492904
296076351
297177796
297322585
300549685
305333256
308160163
310154099
310435222
315899446
319434144
321202281
329760675
330305478
330600977
330902105
334194354
335152902
340850530
342177126
342809802
342844569
346218396
347048266
347055503
349686733
353715624
357564115
357579662
357823280
359826893
362409107
365388276
365906330
371323869
379213419
383018152
383146889
383203256
390837873
391223846
391477588
392033754
406509198
407025493
410441584
410611883
414917038
415648688
419374063
3166
23443
41198
43854
48827
62866
74852
90703
169221
172815
173845
227259
244007
276834
278776
318770
339393
345949
347508
365458
366159
373362
380595
384182
388749
395450
424561
435927
457384
474586
476007
479391
482297
492020
512441
532594
577570
587286
596062
618775
635776
649389
651227
693821
732945
766033
801611
803163
807175
815426
832798
834486
836790
854731
875858
948520
960118
1001471
1009730
1024111
1040865
1051366
1052374
1054990
1092270
1099413
1114791
1147023
1162706
1167415
1168600
1176993
1179434
1210129
1212127
2527130
3987896
4719615
7388861
7436506
7958592
7962610
8145862
8267821
8791318
8841619
9204411
10148561
10292265
15340330
16275794
16379098
17286060
17411515
18111141
18771731
19284816
19826890
21798305
22271579
22411277
24756021
28329083
29614421
29653274
31274598
31908623
32650625
33473471
34305123
34937975
35770167
43311960
44303071
46109900
47066086
51982424
53772331
55042503
59656511
60285384
61819148
62950867
66802589
68762756
69412617
72218780
74985090
75372240
77586033
78224887
79620667
80438940
82259270
84232116
85349071
93290560
93368300
93778986
96132152
99270173
101411812
102578883
102924421
110518719
110972045
114059955
114308313
120286526
122105164
128221217
136842414
143195796
146629069
150842953
177289918
178020649
178698459
183319514
187495159
195578410
197562975
198453538
215115737
222937052
223207523
238505193
252609468
258458198
262401118
266019303
281096589
281205306
284030135
296074744
298068465
298545588
304349405
309637337
312876736
318284987
327600982
328240797
329063353
334851525
335567458
344521696
347901080
352266637
352417237
360627766
368676162
370195264
372411097
376168242
376428031
377273883
377276393
378463723
378872980
380017232
613427
1191146
1325794
1656140
2251414
2691311
4507663
5382599
5935227
6597470
6724539
7655879
7825434
8597706
9278083
9513770
11244742
11908127
12186871
13295446
13978292
14350050
15082296
16883663
17685964
18361121
18465286
23396057
24935322
33719840
36182116
36742691
38968467
39050949
53348801
54236501
54851767
55213463
58432077
59147966
63154369
68389011
68445762
71619143
86510029
90511297
128958410
134427618
138512207
152358141
153729579
188506023
212513328
221895758
224027225
240987532
243442311
244572089
246870515
247946006
257933584
260008124
267657114
268061948
269518119
271262602
277246652
316172177
325509960
331426201
390317141
202159
476815
577579
623373
680506
765101
859895
1029207
1049225
1128231
1128250
1242342
1356164
1387903
1442911
1515606
1547443
1604857
1614641
1630496
1657369
1729189
1851446
1858662
1932733
1961897
2005759
2084871
2085138
2118117
2179054
2244002
2263175
2353955
2442547
2449997
2514145
2567950
2570309
2655858
2659552
2737520
2815532
2815605
2877517
2925406
2931475
2951923
2957288
3045008
3102224
3113782
3137365
3163987
3248966
3283477
3416604
3503330
3509169
3567564
3607197
3608566
3740272
3753043
3780636
3806786
3844063
4005728
4048201
4121216
4175058
4202484
4291031
4311249
4315133
4403494
4424336
4561857
4688084
4790277
4804310
4938762
5073675
5094119
5113655
5114085
5207200
5353832
5370034
5476328
5530312
5594524
5725686
5782606
5861774
5915657
5934998
5950591
5969651
6081231
6088106
6106478
6268174
6468713
6492268
6494401
6506845
6596341
6846680
6855779
6911009
7095032
7133488
7567483
7639242
7703117
7719660
7776801
7829859
8063271
8206925
8277715
8303019
8337441
8337606
8351855
8370601
8410935
8420918
8475585
8488025
8728590
8806640
8828929
8906921
8943084
9023145
9174225
9268094
9365185
9479187
9483055
9585987
9808601
10145444
10257461
10358860
10460183
10499926
10592346
10668428
11071964
11274240
11279077
11380089
11456092
11522085
11746643
11754000
11865375
11994356
12146632
12229285
12237708
12328401
12342956
12377416
12573063
12684386
12765858
12773318
12774828
12967131
13180717
13397525
13428548
13667308
13714533
13788331
13920231
13972567
14007810
14292840
14539281
14705452
14809741
15281482
15580208
15695466
16240986
16312233
16568700
16686350
16797189
16805082
16835533
16868151
16957573
17356959
17372233
17607637
17658960
17974687
18073065
18341906
18603925
18814138
19063495
19172715
19349783
19531144
19735886
19770238
19959716
20068844
20275148
20684671
20847910
21274370
21718915
21751887
21826486
21854709
22185541
22440292
22584187
22833211
22881153
22889122
23275974
23285392
23354539
23711255
23951345
24481229
24491762
24550884
24697793
24879269
25199192
26967752
27825936
28161291
28335174
28838590
28854119
28855765
28951691
29099683
29185983
29204588
29453246
29617540
29814299
30520708
31882966
32029797
32430568
32551065
33262124
33355701
33456997
33546766
33782235
34245805
34469461
34682307
35141572
36008388
36131287
36458784
37035262
37251350
37639387
38027285
38044498
38484482
39506264
39931540
39944721
40614586
40883868
40956147
41008887
42222025
42373827
42609803
42730915
42934405
43220250
43246061
43503508
43512180
44275155
44719520
45242600
46110252
48486240
48889954
49477733
49688785
50099517
51136978
51162079
51724111
51862373
51999815
52091515
52382714
53004518
53232253
53293458
53480317
53593026
53940031
54736146
54886984
55022755
55462804
55828830
56137119
56503554
56545220
56894958
57141330
57482052
57734461
57764220
58111937
59028792
59103138
59297892
59440503
59592164
61301841
61378202
61704615
62482786
62862581
63392719
63778563
64414492
64975361
65096719
65383582
65929789
66113220
66422738
67084121
67850644
68043709
68258172
68714128
68854321
68993814
69388455
69888969
71017320
71052314
71165298
72002608
72311476
72424847
72574555
72859250
72988256
73639308
74859862
76525941
76546470
77616340
78207421
80135280
80286985
81464740
81920243
82552184
83315634
83540012
83637958
84230019
85545127
87268276
88252563
88628924
89307216
89669692
90310448
91017045
91903838
91935282
91954676
92436513
94119537
94194742
94393191
95083887
95540113
96089268
96207444
97429670
97990179
99365344
101070246
101393247
104057220
106910426
107135568
107938139
109305660
110891770
110990712
115731195
116384585
116826325
119922715
121299862
121322806
125117491
125399547
126463309
127101876
128523516
129151237
132107034
133019361
133264773
134141186
134228512
136085423
136560474
136658302
137851762
137947131
138823818
139289847
139852768
140131854
140319260
141036719
141464906
142700309
143193101
143516281
143803434
144105979
144558044
144784725
146250281
146536293
147384418
147415434
147931439
148348212
149888720
150231895
150379029
150500385
150881428
150945957
151305216
151490241
151603378
152363783
152856749
152895385
153151250
155576178
155820474
158449430
160567092
160740076
160962009
162462489
163133406
163225554
164045917
164485124
165116754
165529024
165794069
166025739
166304856
167484588
167531184
168126947
169352762
169567650
170491621
171311258
171452127
172523279
173864296
174808899
176936232
177579719
177777469
179068616
179119106
179139822
179614768
181366749
181658969
182356149
183073283
183443564
184288282
184788564
184825595
184854912
185444321
185502938
185864597
185953310
185966593
186103652
187485110
187842666
187962490
190236187
191901820
192478016
193503511
194028610
195147869
195741839
195784293
197751596
197809482
198138408
201658051
202392406
203889723
203923430
204407959
204513102
204802730
209960690
210413578
212068159
213818931
215053885
215156351
215361291
216047248
216612835
218185359
218321336
218845861
219610172
220953125
222208230
224200147
224592392
224593729
225250349
225619566
225985662
226291016
227125429
227213325
227295812
228637802
229755797
230555573
231059550
235872559
235967134
237141721
238567603
239806967
242077105
243702813
243784394
244480119
245071876
245473372
245501885
247790851
249290299
249735254
250453899
252387910
255622535
255852809
256570928
256597297
257518132
257571092
258691143
259797669
260027774
262918518
264038597
264760244
266117401
266130727
266446334
267316910
268367269
270476999
272943896
279040272
279920756
281915033
283510250
284515103
284516533
289681917
290656502
290973956
295637065
298124615
299027695
299572087
300886794
301614377
304327689
305430641
305818012
307104356
307632891
315495002
315539305
316723953
316995385
318357903
318890420
327997349
328691286
330174814
331668516
332879833
332991978
333685522
337521642
389021
621504
691927
707020
1146240
1350007
1433265
1437849
1685322
1770274
1770991
1834254
2254914
2270691
2338407
2371206
2470357
2540413
2550998
2601126
2772622
2845873
3006583
3030819
3344973
3432686
3557827
3697529
3831602
3921463
4140757
4228327
4403180
4549341
4695063
5113569
5126197
5225748
5286615
5380726
5444350
5465800
5805481
5856542
6140362
6356507
6599232
6612094
6793210
6903830
6914234
7050508
7148147
7188147
7462493
7483577
7486666
7805734
7807115
7923058
7950376
8059537
8267537
8275023
8436640
8926436
8968133
9017451
9019315
9048211
9334980
9445716
9644860
9922775
10070042
10194452
10397240
10684346
11017483
11392308
11415790
12453082
12625350
13003173
13073974
13304028
13711927
13785372
13793181
13948548
14209945
14300582
14601696
14718943
14790454
14891751
16255130
16427501
16570007
16592065
16714278
16742283
16803807
17096713
17191084
17390832
17572354
18258736
18440280
18559037
18853262
19035867
19069097
19079307
19629370
20041817
20154772
20517807
20872803
21082420
21195961
21488432
21519750
21585958
21768988
21808251
21873639
22075449
22146618
22246741
22476468
22487270
22771662
23035377
23187073
23350236
23489545
23762485
23917389
24709866
24946633
25220858
25472703
25524018
25574642
26198622
26536349
27008157
27182715
27200982
27246323
27246708
27511735
28114351
28343353
28545125
28594130
29057477
29439675
30386005
30885101
31108975
31222704
31409353
31758577
31800431
32635706
33900054
34471215
34741921
35319088
35538422
35967604
35971155
36034565
37214350
37234993
37259175
37551609
37601884
38134376
38903741
39008437
39454184
40146136
40844614
42145244
43589552
44824091
44825127
44901677
45580133
45666728
46885179
47205245
47375784
47567638
48806079
48907184
49432611
49570296
50675588
53232546
53297974
53414891
54886964
55069950
57086725
58213548
58955770
60623845
60692794
60744141
60754938
61720009
61740042
62454120
62862402
63210422
63592478
64523368
65507837
66270628
66285257
67493716
68671225
68952085
70370336
70905305
70938193
71220436
71374477
71742707
72513922
74227945
76145399
76501597
76647309
77520030
77767965
78079082
78439281
78494572
78702867
80024170
80371014
80458705
81425432
81503715
82328600
83604437
84109183
85065003
85666516
86553882
87040158
87299202
88068431
88371028
88510410
90001786
90649036
91813167
92634413
95220996
95314482
96592794
96630900
96923269
96973921
97523071
97567283
98016671
98437616
98635838
99017521
99268372
102215518
108356038
110067633
110137735
112581405
112685235
114039722
114150819
114226988
115090141
119795939
119847676
123620365
126856411
127014636
129184159
129383540
130218570
131937458
132105590
133314370
134862380
134989158
135504415
135557716
136666484
137129037
139802447
139878481
139955977
140201404
140576940
141157700
142681037
143122979
143816725
144576930
145512157
145718025
148103394
150546007
150755100
151206085
151577556
151959106
152432631
152536044
152674530
153767385
153868757
154189463
155495185
157008175
158188108
158455262
159387720
159400611
160593296
160712105
161130093
162625134
163087277
164192596
165045674
165816946
166224905
166560703
167289185
167620326
167757403
167937335
170899523
171669132
173068738
173228475
173231033
174028152
175503306
175619163
175696574
177250692
177360035
178685460
183347398
183732596
185265333
187562241
188274270
190199240
191368610
192734653
193448310
193769043
194960944
194979431
197394312
198390849
198814333
199546934
200691861
201068388
201569451
202705508
202928808
204364397
205172001
207012273
209694362
210808363
211093936
212607744
213064078
213317597
213441208
215179171
216243408
216451066
217816635
217915966
220900862
221015112
221322100
222213868
222781718
222845692
224158718
224783826
225633702
226314229
226630331
226841725
227337889
228188641
228568968
230444792
231732352
231758069
232578390
232583892
233159152
234069735
235915763
237084072
237132012
237953519
239040858
239484721
241528749
241766788
245822127
246486289
246589732
247355659
248947612
249049597
250901422
251425330
252312772
253040742
253525762
253720504
254022161
257262384
258250151
260527105
261246366
263307386
265279038
266087165
266448547
266798409
268363545
272810257
273056495
273071634
273410046
275469211
277210128
277770486
279564579
280385848
283303415
283857009
287687995
289021275
290442194
292215353
293592380
301849489
302062641
302632263
305555101
306037774
306059478
306188894
306993850
307848535
308870297
308952563
311294057
312305522
312709628
312890965
312923565
314248370
314992194
315178638
315653586
316355716
317589364
319924919
320307142
320960908
321908119
322033404
322751643
323222879
323639600
324097404
325915125
332346579
333324821
333577320
335376042
335442680
335794191
335840060
337196031
338027607
340586587
340675801
341043621
341151153
341864872
342014674
342330513
342446278
343415115
343596088
344137265
345095968
345201195
345280569
345353263
345937794
346667625
